642 1280
27.947912 -12.046541 60.970966
65.409866 -8.223134 29.218225
39.968491 42.758419 26.632339
11.663035 24.099974 30.770020
7.219773 -51.789665 47.637459
32.187588 -48.751644 44.382973
47.767635 -42.856445 8.001143
42.047310 -13.404810 0.777529
13.370448 24.561377 -18.024357
10.416452 -41.594215 0.601514
21.845440 -101.843040 4.189403
46.167217 -21.693296 -29.020672
0.979787 -33.749641 65.189804
12.684586 -19.011145 40.666512
11.154104 16.019213 66.349991
30.281485 -30.748577 71.785362
16.025814 -60.937511 66.336487
41.475060 -13.402229 43.208637
44.256847 -27.881165 39.773754
31.266199 19.822315 50.037067
38.506512 7.408868 25.396107
13.432391 57.051788 28.737141
4.739370 38.454094 -7.592092
28.772589 61.621906 -9.827638
1.025450 -6.709557 20.958176
10.478526 -22.900934 -16.792658
5.436584 -53.166687 20.065029
18.129774 -81.199478 38.577843
12.362259 -78.214432 5.539015
32.701927 -73.486252 28.876348
51.116779 -55.591209 35.019863
46.036034 -68.242744 6.676081
57.235542 -36.432690 28.072119
43.765388 -13.637060 18.373737
67.971306 -15.219449 3.518869
49.633732 24.572880 3.551528
30.365173 20.444485 -9.920067
30.944057 -42.771679 -10.978682
28.754541 -8.055420 -27.678165
33.789822 -74.403549 -14.678639
64.936264 -34.184265 -18.178596
48.441208 9.063044 -28.120884
13.801413 -19.489271 75.403702
5.801896 -8.225885 67.286705
24.280750 0.847681 67.484764
14.195094 -42.481377 57.716095
14.655780 -38.774750 42.697803
6.334066 -27.157055 47.607796
8.274654 -1.470662 53.339863
10.061337 2.961841 41.885765
4.002482 19.026569 47.266533
22.926838 -25.526550 57.374550
12.125195 -33.353394 68.214111
28.472111 -40.434071 53.550121
32.074291 -56.353798 59.555885
21.823612 -44.282440 61.675404
9.478441 -47.694530 74.485382
5.134835 -58.574196 57.862488
40.191338 -8.005153 63.338245
34.814400 -25.808466 48.158325
46.508171 -10.282274 28.909277
53.730358 -19.822048 36.962341
49.380447 -14.385712 50.066948
43.348480 -33.592323 55.457653
34.949196 -38.147530 39.922737
24.958338 -0.370995 49.460213
38.704308 -0.374986 49.686363
33.733631 30.698359 36.597462
46.155621 23.019205 28.525501
40.461327 15.449600 37.794655
51.963799 1.753050 37.955936
62.698467 6.120225 23.653866
24.460796 17.573315 51.793427
5.581647 42.173321 30.304607
10.116167 40.001114 53.195984
22.461330 33.554222 36.497223
24.489803 44.496723 22.268223
3.100550 39.867977 16.071131
7.995368 51.827351 8.886907
2.464740 33.965515 -22.130684
16.558046 43.974751 -24.743513
3.968178 56.410034 -10.024688
22.498486 64.178802 5.541514
35.374245 53.276649 7.993201
4.879218 13.793508 26.588581
1.381830 17.989227 10.569729
5.725322 -27.950222 12.841974
19.872660 -34.708031 -0.925959
2.032929 -12.109995 3.039104
3.321967 8.533991 -6.840866
11.083190 -1.382834 -14.140261
2.826818 -9.457562 31.833088
12.507445 -51.152176 34.784527
2.667913 -35.840515 35.373039
2.664342 -33.838509 25.642990
5.048993 -50.571613 5.843389
3.906403 -70.344528 40.341694
13.465121 -65.309235 29.271305
10.035438 -91.399185 20.935154
14.132762 -93.674187 4.161768
2.407314 -72.896599 20.999660
21.347372 -62.271324 13.620329
23.611626 -61.947456 2.135167
13.132131 -75.265244 51.631310
33.710781 -62.047497 48.458252
26.414829 -62.840874 48.094734
25.564972 -79.523239 29.185673
28.161676 -85.442993 14.614560
43.042198 -53.100677 44.923210
43.043049 -67.951172 38.973419
45.607452 -50.619549 19.869310
54.788841 -59.562653 6.884350
46.940422 -62.694630 19.233377
46.748192 -78.743324 19.202084
35.930107 -83.846558 1.034955
47.309608 -43.529800 39.020813
60.196033 -27.408314 26.561565
59.732574 -30.907461 47.835320
55.732166 -45.156841 29.559666
60.308350 -41.743221 12.744062
60.543751 -13.971362 15.827382
43.912361 -31.622471 19.401180
37.126244 -13.246706 15.611949
45.520050 -16.983219 1.887531
38.797600 -28.249775 14.745485
60.208458 -29.549932 11.327449
53.349976 -32.246483 -1.494973
60.161968 5.802562 6.516667
40.453560 35.222084 10.304783
51.648964 20.550158 21.034191
43.719746 7.207086 3.415024
34.112862 14.266154 10.027339
43.128033 41.310863 -5.058970
23.224758 21.456087 -23.351198
32.598488 35.648415 -9.116826
36.512943 28.396427 -1.023413
41.833458 7.231248 -2.013750
34.060528 -20.143692 -15.597723
22.226526 -2.257934 -16.048397
14.833664 -38.143242 -8.258894
36.650398 -37.066689 -7.651461
19.605379 -21.390860 -23.270395
32.420197 -29.944061 -24.639013
35.070389 -11.241959 -39.977684
10.968045 -65.609818 -3.374526
25.677326 -95.238945 -16.582571
10.916181 -87.337402 -16.753765
28.286097 -63.684044 -8.759655
43.460991 -48.069698 -23.011581
46.235405 -76.539719 -9.583498
59.626984 -39.750439 -2.640913
55.925041 -54.833076 -5.836989
48.184429 -56.927910 -17.075758
58.986183 -30.554987 -25.779963
47.958969 -24.167139 -9.701233
48.104134 -3.629202 -11.115198
59.096077 -3.287773 -11.319098
65.806519 -6.415515 -21.768642
49.476585 -3.360756 -39.468056
42.763901 3.154579 -20.971189
29.622595 2.293891 -20.039169
29.826578 12.935054 -41.202808
20.696022 -14.752558 70.821030
15.580142 -11.334089 64.173965
21.493576 -7.873525 60.592110
3.846999 -25.894810 75.662888
3.225341 -21.220810 67.011604
8.711749 -13.125977 71.703957
15.558432 -2.222520 71.329117
8.810080 3.346024 70.763680
17.309319 8.970315 64.530441
6.783788 -41.155243 59.444977
10.030008 -36.993153 50.941559
4.743778 -30.083185 56.999767
9.412468 -46.150978 53.452770
4.653436 -43.500107 47.315102
15.880411 -42.236549 48.875988
15.288675 -33.788094 43.279133
14.627504 -30.070364 38.830482
13.584143 -23.487167 43.417305
6.006541 -5.225586 59.938232
4.253782 7.071172 61.050865
3.836787 -19.412230 58.779015
4.436902 -15.038292 48.939625
10.813472 -11.029264 46.293613
7.125014 9.564829 50.703957
3.882790 18.860655 58.857494
8.993565 -8.434857 43.760994
9.698533 -0.125094 46.325512
9.219699 11.301474 42.213966
10.588861 14.067350 37.169781
7.463994 21.774633 37.547493
29.232412 -20.961969 71.263329
18.832064 -25.253027 67.179153
23.064060 -29.552975 56.105263
21.318949 -29.414158 69.644630
15.458076 -30.476696 59.020935
10.913243 -30.110508 67.944771
4.216588 -36.129993 71.925919
27.950140 -36.980751 58.944080
25.223303 -41.368084 58.263145
21.987040 -37.205994 62.634438
35.405266 -44.339649 51.598644
33.602272 -51.590767 52.042297
37.664776 -45.340271 61.163330
31.066992 -47.909828 67.239632
25.504234 -59.365913 66.154114
20.755842 -51.153549 60.639568
11.466417 -37.577362 79.210953
7.107327 -42.280346 70.949463
17.532726 -36.532177 70.638695
17.745365 -46.950539 68.149033
13.620128 -53.519501 63.485573
11.556025 -44.642376 65.859184
8.427844 -61.225548 64.249649
6.427911 -54.717400 65.102333
4.822594 -48.422237 60.044716
5.979667 -54.668110 52.522839
32.262054 -11.588248 61.866039
36.878944 -22.023367 65.131363
42.561081 -11.031351 53.995018
34.144295 -17.752863 45.050690
39.255363 -19.217537 53.918255
27.952099 -25.055544 51.495586
31.502960 -28.725821 56.347389
42.548805 -12.283461 34.323151
45.698730 -16.284431 36.305805
37.628712 -18.278160 37.015160
54.273537 -9.022434 28.547205
59.862690 -15.039159 35.824551
56.409760 -10.160894 40.389145
57.501251 -15.459272 47.214802
48.609062 -23.896027 39.480350
51.668781 -23.239254 48.590836
41.017632 -24.967794 61.038555
38.571884 -35.280556 66.042160
39.885979 -20.161366 48.137760
50.055851 -21.230133 59.310841
43.181625 -29.792166 46.292419
33.202251 -37.556568 53.282616
38.379601 -31.898794 39.996937
35.182049 -34.239754 44.223606
31.384363 -39.519932 45.865551
33.526436 -43.279575 41.067909
24.996458 -9.114504 51.543243
29.272060 -9.020625 49.573952
29.562326 9.573421 52.431042
38.401344 10.538822 59.260883
30.826620 -1.185601 49.778931
37.302036 -5.255944 49.662868
47.046051 -3.229450 52.880848
33.041847 30.005819 46.404263
39.451389 24.807888 38.758812
41.635345 23.144749 48.108974
37.096088 36.280987 31.503101
49.298454 35.011967 27.926945
43.697582 28.373087 33.467960
41.149094 17.767000 32.602440
37.249569 16.708326 25.148737
34.656910 10.567226 30.298672
45.762718 5.005242 44.652618
54.367500 -6.171092 44.823284
40.761818 9.712019 46.767036
39.033833 5.025128 36.835556
42.260536 4.004798 31.678537
54.862202 -6.112243 34.672386
49.419949 7.161398 24.754803
57.350494 6.615944 34.182323
54.155907 -5.308911 24.877304
58.842724 -7.151628 18.643940
23.992382 0.294798 54.784691
18.953608 19.786856 60.601673
23.153259 9.955822 57.995617
24.023647 9.115942 48.784126
25.849686 16.515476 45.194427
3.608377 30.953455 51.646564
10.353730 27.522207 59.820030
9.257926 32.383278 28.333927
4.976825 32.277843 38.775196
3.432441 44.136005 42.612347
3.798283 55.550713 32.018913
11.878195 51.377453 42.495728
22.800632 26.363827 44.804955
26.472111 25.918177 41.044109
20.384375 31.478260 56.009644
19.002337 39.469612 45.097237
19.291729 47.036213 34.921581
27.724380 33.571198 37.496223
24.164165 56.767029 27.416718
25.035885 41.359722 34.241600
29.800421 35.096722 28.991627
29.955250 41.935795 22.661131
8.705969 32.714821 24.617016
12.546542 38.320343 19.333729
2.498697 41.712181 3.984891
12.886282 44.098152 0.548643
12.797255 43.808929 9.633670
6.403749 47.286087 19.151791
5.831671 59.787285 19.319052
6.351050 33.826241 -12.349722
4.222014 45.866386 -16.027777
3.737429 44.774876 -7.931157
7.124027 29.826771 -27.473795
10.509771 34.139595 -26.832607
8.257565 43.327873 -23.148945
7.433937 56.515614 -25.189062
21.218990 52.392994 -17.519365
12.441878 61.790321 -14.046881
7.250135 66.626183 8.607666
16.126673 61.630981 16.204182
8.719315 54.162975 -0.069760
8.775514 68.893555 -3.969449
22.427122 57.654449 -3.821754
24.631491 57.441906 16.337839
30.824596 51.257362 -1.638688
26.074848 51.814068 4.850524
28.269684 49.771488 14.771662
38.775303 52.475990 18.613110
2.725383 21.886795 31.550716
4.110474 25.214701 19.770689
0.168697 4.335921 24.839262
1.290778 5.264154 15.814840
0.232324 16.969852 19.852036
3.199783 29.115162 12.735340
0.032254 29.264797 2.639363
2.086491 -18.166254 16.152355
3.940843 -19.612738 9.127334
2.483038 -7.815947 11.993378
7.918157 -35.990578 5.379872
19.037891 -36.639145 4.608589
8.922653 -31.136383 4.457407
6.867861 -25.882116 -0.984051
15.917659 -27.446146 -6.746839
2.122867 -23.615751 -7.421046
1.827461 14.093161 0.766086
2.410505 24.070059 -7.519359
2.368961 2.141503 6.260141
3.936313 -4.385040 -2.702404
2.225474 -11.501580 -11.242506
2.881361 20.661736 -13.975800
9.230619 -12.847814 -17.430260
5.539907 1.485001 -11.694242
2.708917 15.436641 -23.387310
10.988409 13.596265 -19.596605
1.977464 11.247254 37.468487
3.325036 -14.254155 42.981060
1.830938 -1.879396 41.748566
4.341925 2.717123 30.959406
2.444310 -6.941807 30.136744
3.623800 -37.825638 44.648495
5.749518 -27.768021 44.554024
10.442967 -52.322380 40.825077
6.262662 -46.732140 38.659157
11.041232 -43.885517 34.208088
8.715330 -52.869030 28.378880
1.482809 -45.932392 32.403156
5.107483 -21.288645 29.536728
0.123439 -19.988247 24.127789
1.004612 -23.497889 33.220081
5.393408 -33.785027 27.754217
5.306759 -43.684475 22.551044
0.737712 -31.175747 17.807505
1.893345 -54.585846 10.723162
3.695212 -44.780449 17.927851
1.942097 -40.773037 8.554315
8.344564 -47.776085 2.307969
7.160941 -59.562622 43.863388
5.228699 -58.855614 37.958382
16.123657 -72.475174 39.156456
17.714659 -70.102554 32.412060
8.324985 -70.627419 33.445400
2.603365 -59.822876 31.312832
3.035334 -64.774574 21.773932
6.774161 -86.175949 37.567780
4.201205 -83.355507 22.690849
9.510956 -78.137550 30.008511
14.361788 -97.181358 12.909250
10.531408 -103.385818 2.968293
4.200006 -95.308609 13.623880
2.255064 -84.804070 8.363102
12.644907 -86.146294 5.375719
7.223990 -76.226425 11.491331
20.486389 -61.520042 22.567846
13.969904 -58.885475 19.129673
17.855038 -73.024857 21.707684
13.278722 -63.559044 15.818660
16.339346 -69.579605 9.502694
15.365602 -58.105297 13.151164
13.910853 -69.020950 6.711394
24.154303 -65.203232 5.387874
20.975998 -56.159218 4.660382
21.830225 -52.036541 0.668930
5.900548 -63.709534 48.833721
13.217440 -69.642822 57.922935
6.114038 -68.525772 54.746471
6.033730 -75.746033 45.373020
16.387939 -77.119797 46.229137
24.416719 -57.586945 51.177956
19.647264 -61.966118 54.672821
31.627720 -53.875111 41.710213
28.273432 -56.377632 47.466560
29.827579 -63.107933 46.555592
33.294514 -68.632553 40.204655
28.506756 -63.685944 34.636833
22.785229 -71.265373 42.544235
22.532669 -86.505272 40.298664
21.386801 -68.021011 50.734940
24.017767 -63.588562 35.982410
29.696911 -69.781403 23.952953
17.429024 -89.050949 25.770350
32.198174 -77.393913 18.787827
25.071651 -82.368385 18.542395
20.398464 -92.172813 20.307526
26.597126 -95.949051 12.749948
34.873024 -50.641853 39.216488
39.266514 -56.697094 42.793152
52.412903 -56.306610 45.906765
50.230217 -61.699318 36.078896
47.658997 -62.367725 46.646797
39.172749 -66.687119 50.833454
35.736553 -78.717354 40.815254
48.626411 -54.075951 25.929529
47.499794 -55.448009 21.279888
49.137131 -58.396477 26.993570
46.601276 -48.243248 13.387758
55.983295 -49.702389 9.093900
51.640430 -53.791069 14.532343
46.042667 -59.006355 12.147875
46.533878 -62.078087 7.363030
40.161182 -62.228008 13.318967
41.212204 -73.599281 30.184408
38.597137 -85.180252 27.299000
48.767174 -67.175186 28.652813
40.305931 -67.276833 22.177986
47.572681 -72.498283 14.059883
37.855072 -86.828796 15.852038
50.495541 -79.565552 5.749354
38.331062 -78.012405 9.090424
30.343689 -88.109344 7.873766
27.732336 -92.838684 1.245551
37.412983 -44.875717 37.120041
44.037842 -36.789482 43.843163
40.236092 -40.692516 37.696644
45.129372 -47.100666 40.051567
53.697529 -49.049511 41.817726
54.183819 -24.738781 40.392185
50.160480 -30.881598 44.022285
60.227173 -19.302498 27.664974
58.116993 -22.024637 32.666634
63.947136 -26.687983 37.185707
53.927052 -33.101654 31.477016
62.273003 -33.784904 36.854046
55.166809 -45.527042 40.206257
58.644970 -52.174683 31.521296
52.855274 -40.084267 48.627728
58.675774 -41.252907 38.990093
64.310135 -41.307758 27.327194
53.392738 -49.156593 23.926340
66.769402 -37.538410 20.033899
58.822205 -46.147079 20.453686
51.855396 -46.203682 16.419598
50.374477 -41.316444 10.455410
67.526222 -13.784494 20.260723
59.881592 -22.102468 18.813587
50.951080 -15.098328 15.176793
42.523293 -23.089693 15.804253
51.021568 -22.813791 14.373056
51.411896 -27.720013 23.927086
47.900627 -34.052082 26.029877
38.186779 -13.125128 18.620821
34.140244 -24.753471 14.026804
35.895023 -23.988762 17.628771
41.861412 -13.142784 10.021625
39.398354 -21.724388 -1.694289
35.733326 -23.645638 5.906165
41.479378 -21.469637 9.197778
57.058044 -13.304092 4.438219
51.646679 -22.326702 6.561588
45.930809 -35.095036 18.548685
57.115578 -34.022400 19.447733
37.841618 -32.519390 18.292761
47.291187 -29.784260 10.907802
65.201889 -22.923107 8.098408
68.331108 -35.171204 12.361142
62.449078 -23.919230 -3.086101
68.926529 -30.937244 1.966204
58.407951 -37.139004 4.343163
47.466732 -38.069786 3.765034
64.797134 -4.918249 9.999677
49.046677 6.081545 18.076443
60.366516 7.932935 14.972980
57.563225 -6.357200 7.940917
50.996468 -7.458724 5.889033
43.397861 23.272436 21.894871
42.251839 14.169406 23.141743
38.965675 37.890961 16.942890
43.446758 30.504938 18.529730
47.610085 29.132000 14.860453
54.150776 31.470425 5.462189
57.893269 23.989157 12.281810
54.383385 6.177218 -1.843962
45.007507 -3.583422 11.495119
50.727764 8.796265 13.097517
57.974052 14.528891 8.015800
46.248005 17.498886 5.547576
40.123829 -1.946250 15.251224
38.770679 21.909807 7.736799
37.739239 10.617935 8.649847
36.981438 -0.261853 13.459598
37.331409 1.034424 9.323305
39.791092 44.472633 9.036165
42.026527 55.782642 -6.078308
42.600548 51.370728 1.972756
43.786682 39.378765 2.962427
54.594452 33.194893 -2.500590
25.822964 39.221123 -15.708089
31.000650 46.644066 -15.515286
12.562220 19.340673 -27.869884
23.211445 29.332632 -22.438538
26.750254 30.398376 -15.016950
32.112873 18.637075 -19.716444
39.715870 24.396284 -19.881302
52.082043 32.606544 -10.601339
40.412846 28.844824 0.539531
41.990173 43.443279 -16.703979
47.200127 27.091654 -15.752574
32.281067 25.408567 -5.299639
32.724400 24.247837 6.553327
39.386272 18.726576 -7.633428
34.599751 23.347816 1.373066
34.915184 11.825824 6.072140
42.643551 -4.170075 -0.776118
17.673178 -1.579349 -13.370801
15.949346 11.465067 -18.028238
21.847666 -21.434547 -12.838382
18.687939 -12.509593 -12.631556
27.447037 -11.684400 -15.855690
38.163231 -14.967163 -21.573740
34.355068 -8.266985 -23.238840
31.093990 -34.899174 0.561582
28.358185 -30.024658 -8.145323
13.466649 -39.012363 -2.971370
26.049051 -40.115089 1.977975
27.710968 -36.576973 -5.181568
20.705303 -42.290260 -13.992717
20.739119 -29.674267 -11.669058
35.804661 -22.135277 -17.751774
22.515141 -11.379150 -23.480314
38.044506 -28.347544 -10.821275
31.258917 -27.590801 -13.672731
25.645187 -32.691700 -22.530943
26.259613 -17.121456 -34.385838
22.501644 -6.293538 -37.592705
35.847202 -37.701431 -14.777191
32.999424 -25.756271 -24.328907
38.301117 -20.460613 -30.451578
41.158913 -27.616596 -24.585056
40.040798 -11.449034 -29.637005
19.474865 -51.167400 -2.186677
0.872303 -70.533653 5.714427
6.719056 -59.144367 4.915706
10.077963 -49.233471 -4.764904
23.367430 -54.751667 -9.984842
6.905163 -96.061096 -6.568169
1.821971 -84.291862 -5.522105
23.860516 -101.831078 -7.923810
14.930342 -99.404655 -10.020255
16.365858 -92.043098 -9.239765
27.336987 -85.880859 -13.810534
23.737017 -82.530540 -11.038348
22.957113 -65.979660 -7.955884
31.832836 -52.311424 -8.232286
10.675681 -77.160011 -6.432208
22.284842 -75.429070 -10.335325
26.989716 -71.512268 -13.466394
27.135849 -45.338177 -14.456027
39.299583 -63.056038 -20.631916
31.167471 -55.348877 -18.817669
34.214611 -41.073616 -25.179195
44.280281 -35.179817 -23.332172
32.661774 -92.644119 -5.966858
44.660393 -73.593140 -0.249224
44.474792 -85.730064 -4.332388
40.894703 -89.165756 -15.927447
41.797871 -77.817581 -18.378351
58.400818 -60.321709 -0.426675
47.774818 -61.364037 1.131564
51.936047 -41.513924 1.597818
64.923332 -49.498665 6.090738
66.698463 -47.117142 -6.110358
67.913895 -33.890785 -6.279376
58.872589 -43.408405 -11.666850
47.015224 -63.432171 -11.162375
42.060020 -63.403461 -14.246884
45.915627 -63.967377 -3.708972
59.263569 -59.186760 -12.967997
61.516479 -47.459206 -22.319378
43.204384 -50.986012 -14.430695
56.317863 -33.417198 -19.051563
52.808067 -45.191643 -24.640179
48.094200 -39.079632 -22.183159
52.550243 -28.199184 -32.505993
46.762917 -36.204388 -1.698446
54.485100 -20.344830 -5.772716
47.215210 -28.498928 -4.086181
52.641579 -31.845623 -6.641912
64.284370 -24.642694 -9.178218
59.174755 -2.226950 0.679254
65.165115 -8.958867 -4.799738
40.682240 -15.523646 -7.589355
48.313210 -11.735126 -4.621289
58.942463 8.431386 -5.755685
54.539772 15.596652 -14.587807
53.912720 1.479847 -20.633968
55.954437 -15.868200 -14.439058
67.460678 -19.333010 -17.893963
50.419586 -15.393023 -13.009295
51.304665 -8.066957 -20.470417
59.692799 4.327557 -27.117975
58.477283 -19.543713 -24.544353
50.724411 5.377536 -38.275688
52.988361 -8.196149 -30.128357
59.432823 -14.826286 -34.065155
47.243446 -15.949269 -41.291023
41.290462 -9.343657 -9.053041
41.070194 7.908078 -13.500366
42.282429 -2.064208 -10.702368
45.714966 -0.205730 -17.370876
45.644894 20.547079 -21.247246
27.242474 10.806593 -21.887671
33.239746 14.361217 -18.860094
19.787935 8.529314 -22.260365
27.324234 0.775026 -17.639734
28.441257 -3.925527 -23.360603
36.076408 18.399189 -29.917627
43.426582 15.781123 -39.434803
36.257553 6.541785 -22.409876
29.006130 8.814445 -29.231884
21.776295 3.265147 -38.531017
39.738308 2.520062 -39.507683
29.164968 -0.443658 -44.844456
38.743591 -8.144800 -44.860535
0 164 162
162 163 42
164 163 162
164 44 163
42 167 165
165 166 12
167 166 165
167 43 166
44 168 163
163 167 42
168 167 163
168 43 167
44 170 168
168 169 43
170 169 168
170 14 169
12 173 171
171 172 45
173 172 171
173 47 172
45 176 174
174 175 4
176 175 174
176 46 175
47 177 172
172 176 45
177 176 172
177 46 176
47 179 177
177 178 46
179 178 177
179 13 178
14 181 169
169 180 43
181 180 169
181 48 180
43 182 166
166 173 12
182 173 166
182 47 173
48 183 180
180 182 43
183 182 180
183 47 182
48 184 183
183 179 47
184 179 183
184 13 179
14 186 181
181 185 48
186 185 181
186 50 185
48 188 184
184 187 13
188 187 184
188 49 187
50 189 185
185 188 48
189 188 185
189 49 188
50 191 189
189 190 49
191 190 189
191 3 190
0 162 192
192 193 51
162 193 192
162 42 193
51 196 194
194 195 15
196 195 194
196 52 195
42 197 193
193 196 51
197 196 193
197 52 196
42 165 197
197 198 52
165 198 197
165 12 198
15 201 199
199 200 53
201 200 199
201 55 200
53 204 202
202 203 5
204 203 202
204 54 203
55 205 200
200 204 53
205 204 200
205 54 204
55 207 205
205 206 54
207 206 205
207 16 206
12 209 198
198 208 52
209 208 198
209 56 208
52 210 195
195 201 15
210 201 195
210 55 201
56 211 208
208 210 52
211 210 208
211 55 210
56 212 211
211 207 55
212 207 211
212 16 207
12 171 209
209 213 56
171 213 209
171 45 213
56 215 212
212 214 16
215 214 212
215 57 214
45 216 213
213 215 56
216 215 213
216 57 215
45 174 216
216 217 57
174 217 216
174 4 217
0 192 218
218 219 58
192 219 218
192 51 219
58 222 220
220 221 17
222 221 220
222 59 221
51 223 219
219 222 58
223 222 219
223 59 222
51 194 223
223 224 59
194 224 223
194 15 224
17 227 225
225 226 60
227 226 225
227 62 226
60 230 228
228 229 1
230 229 228
230 61 229
62 231 226
226 230 60
231 230 226
231 61 230
62 233 231
231 232 61
233 232 231
233 18 232
15 235 224
224 234 59
235 234 224
235 63 234
59 236 221
221 227 17
236 227 221
236 62 227
63 237 234
234 236 59
237 236 234
237 62 236
63 238 237
237 233 62
238 233 237
238 18 233
15 199 235
235 239 63
199 239 235
199 53 239
63 241 238
238 240 18
241 240 238
241 64 240
53 242 239
239 241 63
242 241 239
242 64 241
53 202 242
242 243 64
202 243 242
202 5 243
0 218 244
244 245 65
218 245 244
218 58 245
65 248 246
246 247 19
248 247 246
248 66 247
58 249 245
245 248 65
249 248 245
249 66 248
58 220 249
249 250 66
220 250 249
220 17 250
19 253 251
251 252 67
253 252 251
253 69 252
67 256 254
254 255 2
256 255 254
256 68 255
69 257 252
252 256 67
257 256 252
257 68 256
69 259 257
257 258 68
259 258 257
259 20 258
17 261 250
250 260 66
261 260 250
261 70 260
66 262 247
247 253 19
262 253 247
262 69 253
70 263 260
260 262 66
263 262 260
263 69 262
70 264 263
263 259 69
264 259 263
264 20 259
17 225 261
261 265 70
225 265 261
225 60 265
70 267 264
264 266 20
267 266 264
267 71 266
60 268 265
265 267 70
268 267 265
268 71 267
60 228 268
268 269 71
228 269 268
228 1 269
0 244 164
164 270 44
244 270 164
244 65 270
44 272 170
170 271 14
272 271 170
272 72 271
65 273 270
270 272 44
273 272 270
273 72 272
65 246 273
273 274 72
246 274 273
246 19 274
14 276 186
186 275 50
276 275 186
276 74 275
50 278 191
191 277 3
278 277 191
278 73 277
74 279 275
275 278 50
279 278 275
279 73 278
74 281 279
279 280 73
281 280 279
281 21 280
19 283 274
274 282 72
283 282 274
283 75 282
72 284 271
271 276 14
284 276 271
284 74 276
75 285 282
282 284 72
285 284 282
285 74 284
75 286 285
285 281 74
286 281 285
286 21 281
19 251 283
283 287 75
251 287 283
251 67 287
75 289 286
286 288 21
289 288 286
289 76 288
67 290 287
287 289 75
290 289 287
290 76 289
67 254 290
290 291 76
254 291 290
254 2 291
3 277 292
292 293 77
277 293 292
277 73 293
77 296 294
294 295 22
296 295 294
296 78 295
73 297 293
293 296 77
297 296 293
297 78 296
73 280 297
297 298 78
280 298 297
280 21 298
22 301 299
299 300 79
301 300 299
301 81 300
79 304 302
302 303 8
304 303 302
304 80 303
81 305 300
300 304 79
305 304 300
305 80 304
81 307 305
305 306 80
307 306 305
307 23 306
21 309 298
298 308 78
309 308 298
309 82 308
78 310 295
295 301 22
310 301 295
310 81 301
82 311 308
308 310 78
311 310 308
311 81 310
82 312 311
311 307 81
312 307 311
312 23 307
21 288 309
309 313 82
288 313 309
288 76 313
82 315 312
312 314 23
315 314 312
315 83 314
76 316 313
313 315 82
316 315 313
316 83 315
76 291 316
316 317 83
291 317 316
291 2 317
3 292 318
318 319 84
292 319 318
292 77 319
84 322 320
320 321 24
322 321 320
322 85 321
77 323 319
319 322 84
323 322 319
323 85 322
77 294 323
323 324 85
294 324 323
294 22 324
24 327 325
325 326 86
327 326 325
327 88 326
86 330 328
328 329 9
330 329 328
330 87 329
88 331 326
326 330 86
331 330 326
331 87 330
88 333 331
331 332 87
333 332 331
333 25 332
22 335 324
324 334 85
335 334 324
335 89 334
85 336 321
321 327 24
336 327 321
336 88 327
89 337 334
334 336 85
337 336 334
337 88 336
89 338 337
337 333 88
338 333 337
338 25 333
22 299 335
335 339 89
299 339 335
299 79 339
89 341 338
338 340 25
341 340 338
341 90 340
79 342 339
339 341 89
342 341 339
342 90 341
79 302 342
342 343 90
302 343 342
302 8 343
3 318 190
190 344 49
318 344 190
318 84 344
49 346 187
187 345 13
346 345 187
346 91 345
84 347 344
344 346 49
347 346 344
347 91 346
84 320 347
347 348 91
320 348 347
320 24 348
13 350 178
178 349 46
350 349 178
350 93 349
46 352 175
175 351 4
352 351 175
352 92 351
93 353 349
349 352 46
353 352 349
353 92 352
93 355 353
353 354 92
355 354 353
355 26 354
24 357 348
348 356 91
357 356 348
357 94 356
91 358 345
345 350 13
358 350 345
358 93 350
94 359 356
356 358 91
359 358 356
359 93 358
94 360 359
359 355 93
360 355 359
360 26 355
24 325 357
357 361 94
325 361 357
325 86 361
94 363 360
360 362 26
363 362 360
363 95 362
86 364 361
361 363 94
364 363 361
364 95 363
86 328 364
364 365 95
328 365 364
328 9 365
4 351 366
366 367 96
351 367 366
351 92 367
96 370 368
368 369 27
370 369 368
370 97 369
92 371 367
367 370 96
371 370 367
371 97 370
92 354 371
371 372 97
354 372 371
354 26 372
27 375 373
373 374 98
375 374 373
375 100 374
98 378 376
376 377 10
378 377 376
378 99 377
100 379 374
374 378 98
379 378 374
379 99 378
100 381 379
379 380 99
381 380 379
381 28 380
26 383 372
372 382 97
383 382 372
383 101 382
97 384 369
369 375 27
384 375 369
384 100 375
101 385 382
382 384 97
385 384 382
385 100 384
101 386 385
385 381 100
386 381 385
386 28 381
26 362 383
383 387 101
362 387 383
362 95 387
101 389 386
386 388 28
389 388 386
389 102 388
95 390 387
387 389 101
390 389 387
390 102 389
95 365 390
390 391 102
365 391 390
365 9 391
4 366 217
217 392 57
366 392 217
366 96 392
57 394 214
214 393 16
394 393 214
394 103 393
96 395 392
392 394 57
395 394 392
395 103 394
96 368 395
395 396 103
368 396 395
368 27 396
16 398 206
206 397 54
398 397 206
398 105 397
54 400 203
203 399 5
400 399 203
400 104 399
105 401 397
397 400 54
401 400 397
401 104 400
105 403 401
401 402 104
403 402 401
403 29 402
27 405 396
396 404 103
405 404 396
405 106 404
103 406 393
393 398 16
406 398 393
406 105 398
106 407 404
404 406 103
407 406 404
407 105 406
106 408 407
407 403 105
408 403 407
408 29 403
27 373 405
405 409 106
373 409 405
373 98 409
106 411 408
408 410 29
411 410 408
411 107 410
98 412 409
409 411 106
412 411 409
412 107 411
98 376 412
412 413 107
376 413 412
376 10 413
5 399 414
414 415 108
399 415 414
399 104 415
108 418 416
416 417 30
418 417 416
418 109 417
104 419 415
415 418 108
419 418 415
419 109 418
104 402 419
419 420 109
402 420 419
402 29 420
30 423 421
421 422 110
423 422 421
423 112 422
110 426 424
424 425 6
426 425 424
426 111 425
112 427 422
422 426 110
427 426 422
427 111 426
112 429 427
427 428 111
429 428 427
429 31 428
29 431 420
420 430 109
431 430 420
431 113 430
109 432 417
417 423 30
432 423 417
432 112 423
113 433 430
430 432 109
433 432 430
433 112 432
113 434 433
433 429 112
434 429 433
434 31 429
29 410 431
431 435 113
410 435 431
410 107 435
113 437 434
434 436 31
437 436 434
437 114 436
107 438 435
435 437 113
438 437 435
438 114 437
107 413 438
438 439 114
413 439 438
413 10 439
5 414 243
243 440 64
414 440 243
414 108 440
64 442 240
240 441 18
442 441 240
442 115 441
108 443 440
440 442 64
443 442 440
443 115 442
108 416 443
443 444 115
416 444 443
416 30 444
18 446 232
232 445 61
446 445 232
446 117 445
61 448 229
229 447 1
448 447 229
448 116 447
117 449 445
445 448 61
449 448 445
449 116 448
117 451 449
449 450 116
451 450 449
451 32 450
30 453 444
444 452 115
453 452 444
453 118 452
115 454 441
441 446 18
454 446 441
454 117 446
118 455 452
452 454 115
455 454 452
455 117 454
118 456 455
455 451 117
456 451 455
456 32 451
30 421 453
453 457 118
421 457 453
421 110 457
118 459 456
456 458 32
459 458 456
459 119 458
110 460 457
457 459 118
460 459 457
460 119 459
110 424 460
460 461 119
424 461 460
424 6 461
1 447 462
462 463 120
447 463 462
447 116 463
120 466 464
464 465 33
466 465 464
466 121 465
116 467 463
463 466 120
467 466 463
467 121 466
116 450 467
467 468 121
450 468 467
450 32 468
33 471 469
469 470 122
471 470 469
471 124 470
122 474 472
472 473 7
474 473 472
474 123 473
124 475 470
470 474 122
475 474 470
475 123 474
124 477 475
475 476 123
477 476 475
477 34 476
32 479 468
468 478 121
479 478 468
479 125 478
121 480 465
465 471 33
480 471 465
480 124 471
125 481 478
478 480 121
481 480 478
481 124 480
125 482 481
481 477 124
482 477 481
482 34 477
32 458 479
479 483 125
458 483 479
458 119 483
125 485 482
482 484 34
485 484 482
485 126 484
119 486 483
483 485 125
486 485 483
486 126 485
119 461 486
486 487 126
461 487 486
461 6 487
1 462 269
269 488 71
462 488 269
462 120 488
71 490 266
266 489 20
490 489 266
490 127 489
120 491 488
488 490 71
491 490 488
491 127 490
120 464 491
491 492 127
464 492 491
464 33 492
20 494 258
258 493 68
494 493 258
494 129 493
68 496 255
255 495 2
496 495 255
496 128 495
129 497 493
493 496 68
497 496 493
497 128 496
129 499 497
497 498 128
499 498 497
499 35 498
33 501 492
492 500 127
501 500 492
501 130 500
127 502 489
489 494 20
502 494 489
502 129 494
130 503 500
500 502 127
503 502 500
503 129 502
130 504 503
503 499 129
504 499 503
504 35 499
33 469 501
501 505 130
469 505 501
469 122 505
130 507 504
504 506 35
507 506 504
507 131 506
122 508 505
505 507 130
508 507 505
508 131 507
122 472 508
508 509 131
472 509 508
472 7 509
2 495 317
317 510 83
495 510 317
495 128 510
83 512 314
314 511 23
512 511 314
512 132 511
128 513 510
510 512 83
513 512 510
513 132 512
128 498 513
513 514 132
498 514 513
498 35 514
23 516 306
306 515 80
516 515 306
516 134 515
80 518 303
303 517 8
518 517 303
518 133 517
134 519 515
515 518 80
519 518 515
519 133 518
134 521 519
519 520 133
521 520 519
521 36 520
35 523 514
514 522 132
523 522 514
523 135 522
132 524 511
511 516 23
524 516 511
524 134 516
135 525 522
522 524 132
525 524 522
525 134 524
135 526 525
525 521 134
526 521 525
526 36 521
35 506 523
523 527 135
506 527 523
506 131 527
135 529 526
526 528 36
529 528 526
529 136 528
131 530 527
527 529 135
530 529 527
530 136 529
131 509 530
530 531 136
509 531 530
509 7 531
8 533 343
343 532 90
533 532 343
533 138 532
90 535 340
340 534 25
535 534 340
535 137 534
138 536 532
532 535 90
536 535 532
536 137 535
138 538 536
536 537 137
538 537 536
538 38 537
25 540 332
332 539 87
540 539 332
540 140 539
87 542 329
329 541 9
542 541 329
542 139 541
140 543 539
539 542 87
543 542 539
543 139 542
140 545 543
543 544 139
545 544 543
545 37 544
38 547 537
537 546 137
547 546 537
547 141 546
137 548 534
534 540 25
548 540 534
548 140 540
141 549 546
546 548 137
549 548 546
549 140 548
141 550 549
549 545 140
550 545 549
550 37 545
38 552 547
547 551 141
552 551 547
552 143 551
141 554 550
550 553 37
554 553 550
554 142 553
143 555 551
551 554 141
555 554 551
555 142 554
143 557 555
555 556 142
557 556 555
557 11 556
9 541 391
391 558 102
541 558 391
541 139 558
102 560 388
388 559 28
560 559 388
560 144 559
139 561 558
558 560 102
561 560 558
561 144 560
139 544 561
561 562 144
544 562 561
544 37 562
28 564 380
380 563 99
564 563 380
564 146 563
99 566 377
377 565 10
566 565 377
566 145 565
146 567 563
563 566 99
567 566 563
567 145 566
146 569 567
567 568 145
569 568 567
569 39 568
37 571 562
562 570 144
571 570 562
571 147 570
144 572 559
559 564 28
572 564 559
572 146 564
147 573 570
570 572 144
573 572 570
573 146 572
147 574 573
573 569 146
574 569 573
574 39 569
37 553 571
571 575 147
553 575 571
553 142 575
147 577 574
574 576 39
577 576 574
577 148 576
142 578 575
575 577 147
578 577 575
578 148 577
142 556 578
578 579 148
556 579 578
556 11 579
10 565 439
439 580 114
565 580 439
565 145 580
114 582 436
436 581 31
582 581 436
582 149 581
145 583 580
580 582 114
583 582 580
583 149 582
145 568 583
583 584 149
568 584 583
568 39 584
31 586 428
428 585 111
586 585 428
586 151 585
111 588 425
425 587 6
588 587 425
588 150 587
151 589 585
585 588 111
589 588 585
589 150 588
151 591 589
589 590 150
591 590 589
591 40 590
39 593 584
584 592 149
593 592 584
593 152 592
149 594 581
581 586 31
594 586 581
594 151 586
152 595 592
592 594 149
595 594 592
595 151 594
152 596 595
595 591 151
596 591 595
596 40 591
39 576 593
593 597 152
576 597 593
576 148 597
152 599 596
596 598 40
599 598 596
599 153 598
148 600 597
597 599 152
600 599 597
600 153 599
148 579 600
600 601 153
579 601 600
579 11 601
6 587 487
487 602 126
587 602 487
587 150 602
126 604 484
484 603 34
604 603 484
604 154 603
150 605 602
602 604 126
605 604 602
605 154 604
150 590 605
605 606 154
590 606 605
590 40 606
34 608 476
476 607 123
608 607 476
608 156 607
123 610 473
473 609 7
610 609 473
610 155 609
156 611 607
607 610 123
611 610 607
611 155 610
156 613 611
611 612 155
613 612 611
613 41 612
40 615 606
606 614 154
615 614 606
615 157 614
154 616 603
603 608 34
616 608 603
616 156 608
157 617 614
614 616 154
617 616 614
617 156 616
157 618 617
617 613 156
618 613 617
618 41 613
40 598 615
615 619 157
598 619 615
598 153 619
157 621 618
618 620 41
621 620 618
621 158 620
153 622 619
619 621 157
622 621 619
622 158 621
153 601 622
622 623 158
601 623 622
601 11 623
7 609 531
531 624 136
609 624 531
609 155 624
136 626 528
528 625 36
626 625 528
626 159 625
155 627 624
624 626 136
627 626 624
627 159 626
155 612 627
627 628 159
612 628 627
612 41 628
36 630 520
520 629 133
630 629 520
630 160 629
133 631 517
517 533 8
631 533 517
631 138 533
160 632 629
629 631 133
632 631 629
632 138 631
160 633 632
632 538 138
633 538 632
633 38 538
41 635 628
628 634 159
635 634 628
635 161 634
159 636 625
625 630 36
636 630 625
636 160 630
161 637 634
634 636 159
637 636 634
637 160 636
161 638 637
637 633 160
638 633 637
638 38 633
41 620 635
635 639 161
620 639 635
620 158 639
161 640 638
638 552 38
640 552 638
640 143 552
158 641 639
639 640 161
641 640 639
641 143 640
158 623 641
641 557 143
623 557 641
623 11 557
